0,0
10,36
20,125
30,244
40,379
50,523
60,671
70,823
80,976
90,1128
100,1279
110,1430
120,1579
130,1726
140,1872
150,2017
160,2160
170,2301
180,2441
190,2579
200,2715
210,2851
220,2985
230,3118
240,3249
250,3379
260,3508
270,3635
280,3760
290,3885
300,4007
310,4129
320,4248
330,4367
340,4483
350,4599
360,4713
370,4827
380,4938
390,5049
400,5158
410,5266
420,5373
430,5478
440,5583
450,5686
460,5787
470,5889
480,5988
490,6087
500,6184
510,6280
520,6376
530,6470
540,6563
550,6656
560,6748
570,6838
580,6927
590,7015
600,7103
610,7189
620,7273
630,7358
640,7441
650,7523
660,7604
670,7685
680,7765
690,7844
700,7923
710,8000
720,8076
730,8153
740,8227
750,8301
760,8374
770,8446
780,8517
790,8587
800,8658
810,8727
820,8796
830,8863
840,8930
850,8997
860,9062
870,9126
880,9191
890,9254
900,9316
910,9378
920,9440
930,9501
940,9562
950,9621
960,9681
970,9739
980,9797
990,9853
1000,9910
1010,9966
1020,10021
1030,10075
1040,10128
1050,10182
1060,10235
1070,10288
1080,10339
1090,10389
1100,10440
1110,10490
1120,10540
1130,10588
1140,10636
1150,10684
1160,10731
1170,10778
1180,10825
1190,10870
1200,10916
1210,10961
1220,11005
1230,11050
1240,11093
1250,11136
1260,11179
1270,11222
1280,11263
1290,11306
1300,11346
1310,11385
1320,11426
1330,11466
1340,11505
1350,11543
1360,11583
1370,11620
1380,11656
1390,11694
1400,11731
1410,11767
1420,11803
1430,11840
1440,11873
1450,11908
1460,11943
1470,11978
1480,12011
1490,12044
1500,12078
1510,12111
1520,12142
1530,12173
1540,12206
1550,12238
1560,12268
1570,12298
1580,12330
1590,12359
1600,12387
1610,12415
1620,12446
1630,12477
1640,12504
1650,12531
1660,12559
1670,12588
1680,12615
1690,12640
1700,12666
1710,12692
1720,12720
1730,12746
1740,12770
1750,12796
1760,12822
1770,12850
1780,12874
1790,12898
1800,12923
1810,12949
1820,12977
1830,13002
1840,13027
1850,13052
1860,13078
1870,13106
1880,13131
1890,13155
1900,13179
1910,13205
1920,13233
1930,13259
1940,13283
1950,13308
1960,13334
1970,13361
1980,13386
1990,13410
2000,13434
2010,13460
2020,13488
2030,13514
2040,13538
2050,13563
2060,13589
2070,13616
2080,13641
2090,13666
2100,13690
2110,13716
2120,13744
2130,13770
2140,13794
2150,13819
2160,13845
2170,13873
2180,13897
2190,13921
2200,13946
2210,13972
2220,13999
2230,14025
2240,14049
2250,14075
2260,14101
2270,14128
2280,14153
2290,14177
2300,14202
2310,14228
2320,14255
2330,14281
2340,14305
2350,14330
2360,14356
2370,14384
2380,14409
2390,14433
2400,14458
2410,14483
2420,14511
2430,14537
2440,14561
2450,14586
2460,14612
2470,14640
2480,14665
2490,14689
2500,14713
2510,14739
2520,14767
2530,14793
2540,14817
2550,14842
2560,14868
2570,14896
2580,14921
2590,14945
2600,14970
2610,14996
2620,15023
2630,15049
2640,15074
2650,15099
2660,15125
2670,15153
2680,15178
2690,15202
2700,15227
2710,15253
2720,15280
2730,15306
2740,15331
2750,15356
2760,15382
2770,15409
2780,15434
2790,15458
2800,15482
2810,15508
2820,15535
2830,15561
2840,15585
2850,15611
2860,15636
2870,15664
2880,15689
2890,15713
2900,15737
2910,15763
2920,15790
2930,15816
2940,15841
2950,15866
2960,15892
2970,15919
2980,15945
2990,15969
3000,15994
3010,16020
3020,16048
3030,16073
3040,16098
3050,16123
3060,16149
3070,16176
3080,16201
3090,16225
3100,16250
3110,16276
3120,16304
3130,16330
3140,16354
3150,16379
3160,16405
3170,16432
3180,16457
3190,16481
3200,16506
3210,16532
3220,16560
3230,16585
3240,16610
3250,16635
3260,16660
3270,16688
3280,16713
3290,16737
3300,16761
3310,16787
3320,16815
3330,16841
3340,16865
3350,16891
3360,16917
3370,16944
3380,16969
3390,16993
3400,17018
3410,17027
3420,17020
3430,17008
3440,16991
3450,16987
3460,16999
3470,17018
3480,17024
3490,17018
3500,17006
3510,16988
3520,16984
3530,16990
3540,17005
3550,17007
3560,16994
3570,16997
3580,17013
3590,17017
3600,17005
3610,16988
3620,16984
3630,16990
3640,17005
3650,17007
3660,16994
3670,16998
3680,17014
3690,17018
3700,17006
3710,16989
3720,16985
3730,16991
3740,17006
3750,17009
3760,16996
3770,16999
3780,17016
3790,17018
3800,17006
3810,16989
3820,16985
3830,16991
3840,17004
3850,17008
3860,16998
3870,17001
3880,17003
3890,16996
3900,17001
3910,17003
3920,16995
3930,17000
3940,17008
3950,17000
3960,16990
3970,16991
3980,17005
3990,17008
4000,16995
4010,16998
4020,17015
4030,17017
4040,17005
4050,16988
4060,16983
4070,16989
4080,17001
4090,17005
4100,16996
4110,17001
4120,17002
4130,16995
4140,17000
4150,17008
4160,17001
4170,16991
4180,16990
4190,17004
4200,17006
4210,16994
4220,16997
4230,17013
4240,17017
4250,17005
4260,16988
4270,16984
4280,16990
4290,17004
4300,17007
4310,16995
4320,16998
4330,17014
4340,17018
4350,17006
4360,16989
4370,16984
4380,16990
4390,17005
4400,17008
4410,16995
4420,16998
4430,17015
4440,17017
4450,17004
4460,16987
4470,16982
4480,16988
4490,17001
4500,17011
4510,17003
4520,16989
4530,16986
4540,16993
4550,17011
4560,17012
4570,16997
4580,16997
4590,17012
4600,17013
4610,16999
4620,16997
4630,17011
4640,17010
4650,16995
4660,16995
4670,17010
4680,17011
4690,16997
4700,16995
4710,17009
4720,17009
4730,16993
4740,16993
4750,17008
4760,17009
4770,16995
4780,16993
4790,17007
4800,17006
4810,16991
4820,16991
4830,17006
4840,17007
4850,16993
4860,16991
4870,17005
4880,17005
4890,16989
4900,16990
4910,17005
4920,17006
4930,16992
4940,16990
4950,17004
4960,17003
4970,16988
4980,16988
4990,17003
5003,17002
5013,17026
5023,17106
5033,17213
5043,17337
5053,17469
5063,17607
5073,17747
5083,17888
5093,18028
5103,18169
5113,18309
5123,18448
5134,18598
5144,18733
5154,18868
5164,19001
5174,19133
5184,19264
5194,19393
5204,19521
5214,19647
5224,19771
5234,19894
5244,20016
5254,20136
5264,20256
5274,20375
5284,20493
5294,20609
5304,20724
5314,20836
5324,20948
5334,21058
5344,21167
5354,21275
5364,21382
5374,21487
5384,21591
5394,21694
5404,21796
5414,21897
5424,21996
5434,22095
5444,22192
5454,22288
5464,22383
5474,22478
5484,22571
5494,22663
5504,22754
5514,22844
5524,22933
5534,23021
5544,23109
5554,23194
5564,23280
5574,23364
5584,23447
5594,23529
5604,23611
5614,23690
5624,23770
5634,23849
5644,23927
5654,24005
5664,24082
5674,24157
5684,24232
5694,24306
5704,24380
5714,24451
5724,24523
5734,24594
5744,24664
5754,24733
5764,24801
5774,24869
5784,24935
5794,25001
5804,25067
5814,25131
5824,25195
5834,25258
5844,25321
5854,25383
5864,25444
5874,25505
5884,25565
5894,25624
5904,25682
5914,25739
5924,25797
5934,25853
5944,25910
5954,25964
5964,26019
5974,26073
5984,26128
5994,26181
6004,26233
6014,26286
6024,26337
6034,26388
6044,26439
6054,26488
6064,26538
6074,26586
6084,26634
6094,26682
6104,26729
6114,26776
6124,26822
6134,26868
6144,26914
6154,26959
6164,27002
6174,27047
6184,27091
6194,27134
6204,27178
6214,27219
6224,27261
6234,27303
6244,27344
6254,27384
6264,27425
6274,27464
6284,27502
6294,27541
6304,27580
6314,27618
6324,27655
6334,27693
6344,27729
6354,27764
6364,27801
6374,27837
6384,27871
6394,27905
6404,27941
6414,27975
6424,28007
6434,28040
6444,28074
6454,28107
6464,28139
6474,28171
6484,28204
6494,28234
6504,28264
6514,28294
6524,28325
6534,28355
6544,28383
6554,28412
6564,28443
6574,28472
6584,28499
6594,28525
6604,28553
6614,28582
6624,28610
6634,28636
6644,28662
6654,28689
6664,28716
6674,28741
6684,28765
6694,28790
6704,28817
6714,28844
6724,28869
6734,28894
6744,28919
6754,28945
6764,28973
6774,28997
6784,29021
6794,29046
6804,29072
6814,29100
6824,29125
6834,29149
6844,29174
6854,29201
6864,29228
6874,29252
6884,29276
6894,29301
6904,29327
6914,29355
6924,29380
6934,29405
6944,29430
6954,29456
6964,29484
6974,29508
6984,29532
6994,29556
7004,29583
7014,29610
7024,29636
7034,29660
7044,29685
7054,29711
7064,29739
7074,29763
7084,29787
7094,29811
7104,29837
7114,29865
7124,29890
7134,29914
7144,29939
7154,29965
7164,29993
7174,30017
7184,30041
7194,30066
7204,30091
7214,30119
7224,30144
7234,30169
7244,30194
7254,30220
7264,30247
7274,30272
7284,30296
7294,30320
7304,30346
7314,30374
7324,30399
7334,30423
7344,30448
7354,30474
7364,30501
7374,30525
7384,30549
7394,30574
7404,30599
7414,30627
7424,30653
7434,30677
7444,30702
7454,30727
7464,30754
7474,30780
7484,30803
7494,30828
7504,30853
7514,30880
7524,30906
7534,30931
7544,30956
7554,30981
7564,31008
7574,31034
7584,31058
7594,31082
7604,31107
7614,31134
7624,31161
7634,31185
7644,31210
7654,31235
7664,31262
7674,31288
7684,31312
7694,31336
7704,31362
7714,31388
7724,31415
7734,31439
7744,31464
7754,31489
7764,31516
7774,31542
7784,31566
7794,31591
7804,31616
7814,31643
7824,31670
7834,31695
7844,31720
7854,31745
7864,31772
7874,31798
7884,31822
7894,31846
7904,31871
7914,31898
7924,31925
7934,31950
7944,31974
7954,32000
7964,32026
7974,32053
7984,32077
7994,32101
8004,32126
8014,32153
8024,32180
8034,32204
8044,32229
8054,32254
8064,32281
8074,32307
8084,32331
8094,32355
8104,32380
8114,32407
8124,32434
8134,32459
8144,32483
8154,32508
8164,32535
8174,32562
8184,32586
8194,32610
8204,32634
8214,32661
8224,32688
8234,32713
8244,32737
8254,32762
8264,32789
8274,32816
8284,32840
8294,32864
8304,32889
8314,32915
8324,32943
8334,32968
8344,32992
8354,33017
8364,33026
8374,33013
8384,32999
8394,32995
8404,33003
8414,33001
8424,32985
8434,32987
8444,33005
8454,33007
8464,32997
8474,32995
8484,33004
8494,33002
8504,32986
8514,32988
8524,33005
8534,33009
8544,32997
8554,32995
8564,33006
8574,33005
8584,32989
8594,32991
8604,33007
8614,33011
8624,33001
8634,32984
8644,32980
8654,32991
8664,33010
8674,33016
8684,33010
8694,32999
8704,32990
8714,32998
8724,33012
8734,33016
8744,33009
8754,32999
8764,32996
8774,33005
8784,33003
8794,32987
8804,32987
8814,33005
8824,33007
8834,32995
8844,32993
8854,33005
8864,33004
8874,32990
8884,32991
8894,33005
8904,33007
8914,32997
8924,32995
8934,33004
8944,33002
8954,32986
8964,32986
8974,33003
8984,33007
8994,32996
9004,32993
9014,33003
9024,33001
9034,32985
9044,32987
9054,33004
9064,33006
9074,32995
9084,32994
9094,33003
9104,33001
9114,32985
9124,32985
9134,33002
9144,33006
9154,32994
9164,32993
9174,33003
9184,33001
9194,32986
9204,32986
9214,33003
9224,33005
9234,32995
9244,32992
9254,33001
9264,32999
9274,32998
9284,33003
9294,33001
9304,32985
9314,32987
9324,33004
9334,33007
9344,32996
9354,32993
9364,33003
9374,33001
9384,32985
9394,32986
9404,33003
9414,33006
9424,32995
9434,32992
9444,33002
9454,33000
9464,32993
9474,32997
9484,33005
9494,33006
9504,32996
9514,32993
9524,33002
9534,33000
9544,32992
9554,32997
9564,33006
9574,33008
9584,33000
9594,32991
9604,32997
9614,33007
9624,33010
9634,33003
9644,32987
9654,32988
9664,33005
9674,33007
9684,32996
9694,32994
9704,33005
9714,33005
9724,32989
9734,32990
9744,33006
9754,33008
9764,32998
9774,32996
9784,33005
9794,33003
9804,32987
9814,32987
9824,33005
9834,33007
9844,32994
9854,32993
9864,33006
9874,33005
9884,32990
9894,32990
9904,33005
9914,33008
9924,32996
9934,32995
9944,33005
9954,33003
9964,32987
9974,32989
9984,33006
9994,33008
